%YAML:1.0
---
intrinsic: !!opencv-matrix
   rows: 3
   cols: 3
   dt: d
   data: [ 9.2647592011702602e+02, 0., 4.8646578457787967e+02, 0.,
       9.2109691538222899e+02, 3.3261119873742729e+02, 0., 0., 1. ]
distortion: !!opencv-matrix
   rows: 1
   cols: 5
   dt: d
   data: [ 3.2661582823337004e-02, 4.8696874811443275e-01,
       -3.5938086264805844e-03, -7.4097068231754207e-04,
       -1.0696274505201229e+01 ]
